recall:    0.7055016181229773
precision: 0.7813620071684588
slot-f1:   0.7414965986394558

unlabeled
ul_recall:    0.8414239482200647
ul_precision: 0.931899641577061
ul_slot-f1:   0.8843537414965985

loose (partial overlap with same label)
l_recall:    0.7346278317152104
l_precision: 0.8028673835125448
l_slot-f1:   0.7672332495907175
