recall:    0.7055016181229773
precision: 0.759581881533101
slot-f1:   0.7315436241610738

unlabeled
ul_recall:    0.8511326860841424
ul_precision: 0.9163763066202091
ul_slot-f1:   0.8825503355704699

loose (partial overlap with same label)
l_recall:    0.7346278317152104
l_precision: 0.7804878048780488
l_slot-f1:   0.756863766605887
