recall:    0.7119741100323624
precision: 0.7586206896551724
slot-f1:   0.7345575959933223

unlabeled
ul_recall:    0.8478964401294499
ul_precision: 0.903448275862069
ul_slot-f1:   0.8747913188647746

loose (partial overlap with same label)
l_recall:    0.7443365695792881
l_precision: 0.7827586206896552
l_slot-f1:   0.7630642415030363
